3088.19995
3093.40186
3169.69995
3181.10010
3247.54004
3273.96191
3279.82007
3307.22827
3323.75000
3337.84009
3350.92432
3369.87012
3376.43579
3378.28003
3388.53101
3417.90356
3447.70288
3454.18994
3466.58008
3472.57104
3476.74731
3509.77856
3520.50000
3530.38989
3535.31958
3548.51440
3554.30591
3556.90405
3559.50806
3561.03052
3582.35449
3588.44067
3600.16919
3622.13745
3639.83301
3655.27832
3660.43701
3678.27002
3680.06079
3718.20654
3720.42651
3724.51660
3726.30859
3737.88989
3763.50537
3765.27002
3770.52002
3780.83984
3803.16992
3850.57007
3868.52832
3925.71875
3928.62012
3946.09717
3948.97900
3979.36011
3994.79175
4013.86011
4042.89380
4044.41797
4052.92090
4103.91016
4131.72998
4158.58984
4164.17969
4181.88379
4198.31689
4200.67432
4228.15820
4237.22021
4259.36182
4272.16895
4277.52832
4309.23926
4331.19971
4333.56104
4335.33789
4348.06006
4362.06982
4379.66699
4385.05664
4400.98633
4426.00098
4430.18896
4433.83789
4448.87939
4474.75977
4481.81006
4510.73340
4545.08008
4579.34961
4589.89795
4598.76270
4609.56738
4628.44092
4637.23291
4651.12402
4657.90137
4702.31592
4721.59082
4726.86816
4732.05322
4735.90576
4764.86475
4806.02051
4847.80957
4865.91016
4876.26123
4879.86328
4889.04199
4904.75146
4933.20898
4942.92139
4965.07959
4972.15967
5009.33447
5017.16260
5062.03711
5090.49512
5125.76562
5141.78271
5162.28467
5165.77295
5187.74609
5218.20215
5252.78809
5254.46484
5330.77734
5341.08984
5400.56152
5451.65186
5495.87402
5506.11279
5558.70215
5572.54150
5606.73291
5650.70410
5689.81641
5739.51953
5748.29834
5764.41895
5820.15576
5852.48779
5881.89502
5912.08545
5928.81299
5944.83398
5975.53418
6013.6777
6025.15
6029.9971
6032.1274
6043.2233
6052.7229
6059.3725
6074.3377
6090.7848
6096.163
6098.8031
6105.6351
6114.9234
6118.027
6128.46
6143.0623
6145.4411
6150.384
6155.2385
6163.5939
6170.174
6182.146
6215.9383
6217.2813
6243.1201
6266.495
6293.745
6296.8722
6304.7892
6307.657
6313.692
6328.165
6334.4279
6369.5748
6382.9914
6384.7169
6402.246
6403.0128
6416.3071
6444.712
6466.5526
6483.0825
6506.5279
6532.8824
6538.112
6598.9529
6604.8534
6638.2207
6639.7403
6643.6976
6652.092
6656.9386
6660.6761
6664.051
6666.33588
6677.2817
6678.2
6684.2929
6698.875
6717.0428
6719.2184
6752.8335
6756.1631
6766.6117
6827.2488
6861.2688
6871.29
6879.5824
6888.1742
6929.468
6937.6642
6951.4776
6960.25
6965.43
7024.05
7030.2514
7032.4127
7051.294
7059.108
7067.2181
7107.478
7112.2
7125.82
7147.0416
7158.839
7173.939
7206.9804
7245.167
7265.172
7272.9359
7304.82
7311.7159
7316.005
7353.293
7372.1184
7383.98
7392.98
7412.337
7425.294
7435.368
7438.899
7471.168
7472.439
7484.24
7488.872
7503.8691
7514.651
7535.775
7544.046
7589.32
7635.106
7670.04
7704.81
7723.7611
7798.55
7868.2
7891.075
7933.13
7943.181
7948.175
8006.1567
8014.7857
8053.308
8082.458
8092.634
8103.692
8115.311
8118.549
8128.908
8136.406
8178.96
8248.681
8259.379
8264.5225
8266.0
8300.326
8365.746
8377.607
8384.73
8408.2096
8418.0
8424.6475
8463.357
8484.444
8495.36
8521.4422
8544.695
8571.353
8582.91
8591.258
8605.779
8620.46
8634.648
8647.04
8654.383
8667.9442
8679.492
8681.922
8704.113
8761.691
8771.885
8780.622
8783.755
8799.082
8849.97
8865.755
8905.65
8919.5
8931.326
8962.19
8970.98
8988.58
9066.77
9073.34
9075.394
9122.9674
9148.68
9194.638
9201.76